44.774952
39.403988
44.496803
54.5698
58.005703
40.26622
50.478657
62.093456
72.0025
45.562828
47.44026
47.52896
72.252426
78.67745
72.06199
39.962906
52.75044
35.51229
53.284935
52.99094
33.564144
51.826843
30.711506
40.84861
71.47177
72.452835
72.864586
62.923748
43.627426
50.935467
45.279083
66.17676
39.527214
34.589066
66.87347
36.862038
44.14317
38.955387
30.648577
51.90725
53.22191
35.451538
38.331314
37.901474
36.09922
38.709023
27.994007
49.742367
38.149357
52.77918
58.325706
55.33631
42.299953
36.38324
40.7613
54.294525
42.64872
54.279903
